37

1A 11 10 0600 11 0604 12 0607 13 0610 14 0613 15 0615 16 0618 17 0623 18 0628 19 0633 20 0635 

1B 11 20 0700 19 0701 18 0704 17 0708 16 0711 15 0713 14 0715 13 0720 12 0722 11 0727 10 0732 

2A 28 11 0600 12 0607 13 0614 14 0618 15 0625 16 0626 17 0627 18 0630 19 0636 20 0638 21 0643 22 0644 23 0649 24 0651 25 0656 26 0659 27 0700 28 0707 29 0709 30 0712 31 0718 32 0722 33 0725 34 0728 35 0729 36 0735 37 0740 38 0746 

2B 28 38 0800 37 0806 36 0808 35 0813 34 0819 33 0824 32 0825 31 0828 30 0831 29 0837 28 0839 27 0843 26 0845 25 0847 24 0850 23 0855 22 0900 21 0905 20 0910 19 0914 18 0916 17 0918 16 0921 15 0924 14 0927 13 0928 12 0933 11 0937 

3A 24 33 0900 34 0906 35 0911 36 0916 37 0917 38 0919 39 0923 40 0926 41 0933 42 0937 43 0942 44 0945 45 0951 46 0952 47 0956 48 1003 49 1005 50 1007 51 1008 52 1013 53 1020 54 1027 55 1033 56 1036 

3B 24 56 1045 55 1052 54 1056 53 1100 52 1104 51 1105 50 1106 49 1113 48 1117 47 1120 46 1122 45 1124 44 1128 43 1133 42 1135 41 1139 40 1145 39 1151 38 1155 37 1159 36 1205 35 1206 34 1209 33 1214 

4A 23 22 0845 23 0846 24 0849 25 0850 26 0851 27 0855 28 0900 29 0903 30 0905 31 0908 32 0911 33 0915 34 0917 35 0921 36 0925 37 0926 38 0930 39 0932 40 0937 41 0941 42 0943 43 0949 44 0951 

4B 23 44 1015 43 1021 42 1026 41 1031 40 1032 39 1037 38 1042 37 1044 36 1050 35 1056 34 1100 33 1105 32 1109 31 1114 30 1115 29 1119 28 1123 27 1124 26 1130 25 1132 24 1138 23 1139 22 1142 

5A 20 6 0730 7 0732 8 0736 9 0737 10 0739 11 0746 12 0747 13 0748 14 0751 15 0757 16 0801 17 0804 18 0809 19 0813 20 0815 21 0817 22 0819 23 0822 24 0826 25 0831 

5B 20 25 0900 24 0905 23 0909 22 0914 21 0918 20 0924 19 0926 18 0929 17 0934 16 0939 15 0941 14 0945 13 0951 12 0954 11 0956 10 1002 9 1004 8 1006 7 1010 6 1014 

6AA 30 1 0645 2 0652 3 0657 4 0700 5 0702 6 0708 7 0710 8 0711 9 0712 10 0718 11 0721 12 0725 13 0726 14 0732 15 0738 16 0742 17 0746 18 0751 19 0756 20 0803 21 0805 22 0811 23 0814 24 0819 25 0820 26 0824 27 0827 28 0829 29 0833 30 0840 

6AB 30 30 0900 29 0906 28 0910 27 0917 26 0923 25 0926 24 0929 23 0930 22 0933 21 0934 20 0940 19 0945 18 0947 17 0951 16 0953 15 1000 14 1007 13 1010 12 1014 11 1018 10 1020 9 1023 8 1025 7 1027 6 1028 5 1030 4 1034 3 1037 2 1038 1 1045 

7A 15 7 1300 8 1304 9 1309 10 1311 11 1312 12 1316 13 1320 14 1324 15 1326 16 1331 17 1333 18 1338 19 1345 20 1349 21 1350 

7B 15 21 1400 20 1404 19 1411 18 1418 17 1424 16 1426 15 1431 14 1432 13 1436 12 1441 11 1448 10 1449 9 1452 8 1457 7 1503 

8A 19 17 1400 18 1406 19 1407 20 1409 21 1414 22 1416 23 1419 24 1425 25 1427 26 1429 27 1432 28 1434 29 1438 30 1443 31 1447 32 1449 33 1453 34 1455 35 1459 

8B 19 35 1530 34 1531 33 1536 32 1541 31 1542 30 1546 29 1547 28 1550 27 1554 26 1556 25 1558 24 1559 23 1600 22 1605 21 1606 20 1612 19 1615 18 1616 17 1618 

9A 16 13 1845 14 1846 15 1849 16 1854 17 1900 18 1901 19 1903 20 1908 21 1914 22 1920 23 1922 24 1925 25 1929 26 1930 27 1931 28 1936 

9B 16 28 2000 27 2001 26 2002 25 2005 24 2010 23 2015 22 2018 21 2020 20 2021 19 2024 18 2027 17 2031 16 2036 15 2041 14 2047 13 2051 

10A 12 48 1800 49 1806 50 1812 51 1814 52 1818 53 1819 54 1824 55 1828 56 1829 57 1835 58 1841 59 1845 

10B 12 59 1900 58 1904 57 1907 56 1913 55 1916 54 1917 53 1923 52 1924 51 1929 50 1931 49 1937 48 1940 

11A 13 9 2000 10 2006 11 2011 12 2015 13 2019 14 2021 15 2027 16 2033 17 2035 18 2040 19 2045 20 2050 21 2056 

11B 13 21 2100 20 2102 19 2108 18 2111 17 2116 16 2117 15 2122 14 2123 13 2126 12 2130 11 2133 10 2134 9 2135 

12A 14 1 1800 2 1802 3 1804 4 1806 5 1808 6 1815 7 1816 8 1818 9 1819 10 1821 11 1829 12 1831 13 1838 14 1841 

12B 14 14 1900 13 1907 12 1908 11 1909 10 1917 9 1920 8 1924 7 1928 6 1933 5 1934 4 1938 3 1939 2 1944 1 1949 

13A 7 51 2000 52 2002 53 2005 54 2006 55 2011 56 2013 57 2019 

13B 7 57 2030 56 2036 55 2038 54 2044 53 2046 52 2047 51 2050 

14A 21 16 2000 17 2005 18 2010 19 2014 20 2020 21 2021 22 2025 23 2028 24 2030 25 2031 26 2032 27 2034 28 2041 29 2046 30 2048 31 2054 32 2057 33 2059 34 2104 35 2107 36 2109 

14B 21 16 2200 17 2201 18 2202 19 2204 20 2205 21 2210 22 2215 23 2217 24 2218 25 2223 26 2225 27 2226 28 2228 29 2230 30 2234 31 2236 32 2240 33 2245 34 2246 35 2247 36 2251 

15A 9 9 1700 10 1702 11 1709 12 1710 13 1714 14 1720 15 1727 16 1733 17 1734 

15B 9 17 1800 16 1801 15 1802 14 1803 13 1808 12 1809 11 1812 10 1816 9 1823 

16A 25 7 1800 8 1804 9 1809 10 1813 11 1818 12 1825 13 1828 14 1835 15 1841 16 1846 17 1849 18 1856 19 1901 20 1907 21 1913 22 1918 23 1924 24 1926 25 1927 26 1932 27 1938 28 1940 29 1943 30 1949 31 1951 

16B 25 31 2000 30 2004 29 2010 28 2016 27 2021 26 2026 25 2031 24 2035 23 2042 22 2045 21 2051 20 2055 19 2101 18 2107 17 2108 16 2111 15 2117 14 2122 13 2129 12 2135 11 2136 10 2138 9 2141 8 2145 7 2150 

17A 8 21 1700 22 1701 23 1702 24 1707 25 1710 26 1712 27 1713 28 1716 

17B 8 28 1730 27 1734 26 1737 25 1742 24 1746 23 1751 22 1755 21 1756 

18A 11 6 2000 7 2002 8 2008 9 2009 10 2012 11 2016 12 2019 13 2024 14 2030 15 2033 16 2036 

18B 11 16 2100 15 2106 14 2112 13 2117 12 2118 11 2122 10 2127 9 2132 8 2138 7 2142 6 2145 
19A 30 58 1545 57 1603 56 1712 55 1755 54 1811 53 1846 52 1903 51 1936 50 1940 49 1958 48 2016 47 2051 46 2109 45 2128 44 2154 43 2230 42 2324 41 2334 40 0038 39 0103 38 0145 37 0206 36 0242 35 0313 34 0332 33 0341 32 0406 31 0512 30 0617 29 0657 
