22
1A 15 23 1220 22 1223 21 1225 20 1228 19 1229 18 1230 17 1231 16 1234 15 1236 14 1237 13 1240 12 1241 11 1244 10 1247 9 1249
1B 15 9 1400 10 1401 11 1403 12 1404 13 1407 14 1410 15 1411 16 1413 17 1415 18 1418 19 1421 20 1423 21 1424 22 1427 23 1429 
2A 14 16 0740 15 0741 13 0742 1 0742 2 0743 3 0744 9 0746 10 0747 12 0749 13 0750 17 0751 18 0752 19 0753 20 0755 

3B 3 2 0400 3 0405 20 0415 

4A 3  6 2100 7 2105 8 2110 

4B 3 7 2200 6 2204 5 2207 

5A 14 6 1500 7 1503 8 1504 9 1507 10 1508 11 1511 12 1513 13 1515 14 1518 15 1519 16 1523 17 1527 18 1530 19 1532 

5B 14 19 1600 18 1604 17 1608 16 1611 15 1612 14 1614 13 1615 12 1618 11 1620 10 1621 9 1623 8 1624 7 1625 6 1627 

6A 10 1 1700 2 1702 3 1706 4 1708 5 1710 6 1714 7 1717 8 1719 9 1723 10 1727 

10B 10 10 1245 9 1246 8 1247 7 1249 6 1250 5 1251 4 1253 3 1255 2 1256 1 1257 

11A 8 11 1321 12 1323 13 1324 14 1325 15 1326 16 1328 17 1329 18 1330 

11B 8 18 1400 17 1402 16 1403 15 1405 14 1406 13 1407 12 1408 11 1409 

12A 10 10 1500 11 1502 12 1503 13 1504 14 1505 15 1506 16 1508 17 1510 18 1511 19 1513 

12B 10 19 1600 18 1601 17 1602 16 1603 15 1605 14 1607 13 1608 12 1610 11 1612 10 1613 

10A 10 1 1500 2 1502 3 1503 4 1504 5 1506 6 1507 7 1508 8 1509 9 1511 10 1512 

13A 7 5 1800 6 1802 7 1803 8 1805 9 1806 10 1808 11 1810 

13B 7 11 1830 10 1832 9 1833 8 1834 7 1836 6 1837 5 1839 

14A 10 11 1800 12 1802 13 1803 14 1804 15 1806 16 1807 17 1808 18 1809 19 1810 20 1812 

14B 10 20 1830 19 1832 18 1833 17 1835 16 1836 15 1837 14 1838 13 1839 12 1841 11 1842 

15A 18 1 0745 2 0748 3 0750 4 0753 5 0754 6 0755 7 0756 8 0757 9 0758 10 0759 11 0800 12 0803 13 0804 14 0806 15 0808 16 0809 17 0810 18 0811 

15B 18 18 0845 17 0846 16 0849 15 0852 14 0854 13 0857 12 0859 11 0900 10 0903 9 0905 8 0907 7 0910 6 0911 5 0914 4 0916 3 0917 2 0920 1 0923 

16A 12 13 1400 14 1401 15 1404 16 1406 17 1407 18 1410 19 1412 20 1413 21 1414 22 1415 23 1418 24 1420 
